["Matt Forte",147,616,3,3,4.19,147.30] ,
["Arian Foster",161,822,7,3,5.11,161.10] ,
["Le'Veon Bell",162,747,1,2,4.61,139.30] ,
["Marshawn Lynch",153,689,9,3,4.50,163.50] ,
["Jamaal Charles",113,533,6,2,4.72,110.20] ,
["LeSean McCoy",173,642,2,0,3.71,81.40] ,
["Eddie Lacy",119,478,4,1,4.02,101.50] ,
["Mark Ingram",115,551,6,0,4.79,97.80] ,
["Alfred Morris",152,605,6,0,3.98,99.30] ,
["Andre Ellington",167,582,3,2,3.49,117.40] ,
["Ahmad Bradshaw",83,421,2,6,5.07,115.40] ,
["Frank Gore",139,553,2,1,3.98,81.20] ,
["Shane Vereen",69,310,1,3,4.49,79.60] ,
["Terrance West",107,396,3,1,3.70,67.50] ,
["Jeremy Hill",86,404,5,0,4.70,83.00] ,
["Steven Jackson",111,426,4,0,3.84,74.00] ,
["Giovani Bernard",109,446,5,0,4.09,92.50] ,
["Jerick McKinnon",90,446,0,0,4.96,55.20] ,
["Trent Richardson",108,391,2,0,3.62,65.30] ,
["Rashad Jennings",91,396,2,0,4.35,60.50] ,
["Ryan Mathews",23,71,1,0,3.09,15.70] ,
["Joique Bell",108,357,3,0,3.31,67.10] ,
["Fred Jackson",58,249,1,1,4.29,62.90] ,
["C.J. Anderson",30,172,0,1,5.73,33.90] ,
["Lamar Miller",110,528,5,1,4.80,96.80] ,
["Bishop Sankey",92,360,1,0,3.91,50.30] ,
["Bobby Rainey",87,388,1,1,4.46,70.40] ,
["Ben Tate",104,342,4,0,3.29,64.20] ,
["Darren Sproles",34,228,3,0,6.71,63.20] ,
["Tre Mason",63,270,1,0,4.29,34.80] ,
["Jonathan Stewart",66,263,1,0,3.98,40.80] ,
["Darren McFadden",105,372,2,0,3.54,65.50] ,
["Charles Sims",8,23,0,0,2.88,2.00] ,
["Reggie Bush",53,191,1,0,3.60,42.00] ,
["DeAngelo Williams",33,126,0,0,3.82,15.60] ,
["Montee Ball",55,172,1,0,3.13,27.40] ,
["Andre Williams",114,335,4,0,2.94,60.90] ,
["Matt Asiata",84,277,6,1,3.30,87.60] ,
["Branden Oliver",98,371,2,1,3.79,72.00] ,
["Bryce Brown",14,50,0,0,3.57,9.50] ,
["Jonas Gray",32,131,0,0,4.09,13.10] ,
["Isaiah Crowell",64,297,5,0,4.64,57.30] ,
["Benny Cunningham",48,185,3,1,3.85,60.80] ,
["Anthony Dixon",58,243,0,0,4.19,25.80] ,
["Damien Williams",31,100,0,0,3.23,16.20] ,
["Peyton Hillis",26,115,0,0,4.42,20.20] ,
["Travaris Cadet",8,27,0,1,3.38,28.80] ,
["Carlos Hyde",54,214,3,0,3.96,41.10] ,
["Juwan Thompson",30,121,3,0,4.03,28.70] ,
["Pierre Thomas",30,133,2,1,4.43,51.70] ,
