["DeMarco Murray",244,1233,7,0,5.05,183.40] ,
["Matt Forte",173,733,3,3,4.24,164.80] ,
["Jamaal Charles",133,692,8,2,5.20,138.00] ,
["Arian Foster",161,822,7,3,5.11,161.10] ,
["Eddie Lacy",129,548,5,2,4.25,125.00] ,
["Marshawn Lynch",177,813,9,3,4.59,176.00] ,
["LeSean McCoy",196,729,2,0,3.72,91.90] ,
["Mark Ingram",138,618,6,0,4.48,107.50] ,
["Andre Ellington",186,624,3,2,3.35,124.00] ,
["Denard Robinson",100,483,4,0,4.83,77.00] ,
["Rashad Jennings",109,455,2,0,4.17,67.20] ,
["C.J. Anderson",39,201,0,1,5.15,45.40] ,
["Justin Forsett",133,721,5,0,5.42,120.30] ,
["Alfred Morris",172,701,6,0,4.08,112.50] ,
["Trent Richardson",115,391,2,0,3.40,67.40] ,
["Jeremy Hill",113,556,5,0,4.92,97.50] ,
["Frank Gore",158,648,2,1,4.10,90.60] ,
["Giovani Bernard",109,446,5,0,4.09,92.50] ,
["Joique Bell",122,442,3,0,3.62,76.60] ,
["Tre Mason",92,383,1,0,4.16,46.20] ,
["Ryan Mathews",39,141,1,0,3.62,23.20] ,
["Lamar Miller",125,614,5,1,4.91,106.60] ,
["Shane Vereen",70,328,1,3,4.69,87.30] ,
["Isaiah Crowell",78,358,5,0,4.59,64.40] ,
["Steven Jackson",128,467,4,0,3.65,78.70] ,
["Jonas Gray",70,330,4,0,4.71,57.00] ,
["Fred Jackson",58,249,1,1,4.29,62.90] ,
["Jerick McKinnon",98,484,0,0,4.94,61.00] ,
["Bishop Sankey",91,357,1,0,3.92,50.00] ,
["Christopher Ivory",123,548,5,0,4.46,93.10] ,
