["DeMarco Murray",288,1427,8,0,4.95,215.00] ,
["Arian Foster",180,901,7,4,5.01,177.60] ,
["Le'Veon Bell",216,1046,3,2,4.84,198.90] ,
["Matt Forte",201,828,5,3,4.12,193.80] ,
["Eddie Lacy",175,771,6,3,4.41,162.30] ,
["Jamaal Charles",162,807,8,4,4.98,166.10] ,
["Marshawn Lynch",212,956,9,3,4.51,195.30] ,
["C.J. Anderson",98,536,1,2,5.47,95.40] ,
["Justin Forsett",179,1009,7,0,5.64,163.60] ,
["Mark Ingram",172,767,6,0,4.46,121.80] ,
["Rashad Jennings",154,598,4,0,3.88,100.60] ,
["LeSean McCoy",242,1018,4,0,4.21,130.90] ,
["Tre Mason",122,562,3,1,4.61,89.40] ,
["Joique Bell",164,581,5,0,3.54,103.90] ,
["Alfred Morris",210,893,7,0,4.25,139.80] ,
["Isaiah Crowell",107,475,7,0,4.44,89.60] ,
["Jeremy Hill",144,683,6,0,4.74,118.30] ,
["Daniel Herron",42,227,1,0,5.40,29.50] ,
["Ryan Mathews",64,284,3,0,4.44,50.90] ,
["Giovani Bernard",136,540,5,0,3.97,104.50] ,
["Frank Gore",181,712,2,1,3.93,95.80] ,
["Lamar Miller",150,729,6,1,4.86,126.00] ,
["Denard Robinson",125,552,4,0,4.42,87.60] ,
["Fred Jackson",89,351,2,1,3.94,83.10] ,
["LeGarrette Blount",65,276,2,0,4.25,41.20] ,
["Bishop Sankey",122,474,2,0,3.89,67.80] ,
["Jonathan Stewart",96,408,2,0,4.25,67.60] ,
["Andre Ellington",201,660,3,2,3.28,131.50] ,
["Steven Jackson",159,602,5,0,3.79,99.90] ,
["Shane Vereen",81,346,1,3,4.27,96.50] ,
