["Demaryius Thomas",87,54,894,6,16.56,125.40] ,
["Antonio Brown",103,71,996,8,14.03,147.60] ,
["Jordy Nelson",78,50,737,6,14.74,109.70] ,
["Julio Jones",83,53,734,3,13.85,91.40] ,
["Calvin Johnson",37,22,348,2,15.82,46.80] ,
["Randall Cobb",55,40,578,9,14.45,111.80] ,
["Dez Bryant",86,50,635,6,12.70,99.50] ,
["Jeremy Maclin",83,45,790,8,17.56,127.00] ,
["A.J. Green",31,20,358,3,17.90,53.80] ,
["Emmanuel Sanders",76,57,785,4,13.77,102.50] ,
["Brandon Marshall",66,34,384,5,11.29,68.40] ,
["Alshon Jeffery",61,38,563,3,14.82,74.30] ,
["Sammy Watkins",67,38,590,5,15.53,89.00] ,
["Kelvin Benjamin",78,40,589,5,14.72,88.90] ,
["Golden Tate",80,55,800,3,14.55,98.00] ,
["Roddy White",61,33,419,3,12.70,59.90] ,
["Mohamed Sanu",66,39,628,4,16.10,86.80] ,
["Vincent Jackson",77,32,443,2,13.84,56.30] ,
["Mike Wallace",67,35,468,5,13.37,76.80] ,
["Larry Fitzgerald",55,35,513,2,14.66,63.30] ,
["Steve Smith",77,46,711,4,15.46,95.10] ,
["Mike Evans",53,32,460,4,14.38,70.00] ,
["Percy Harvin",26,22,133,0,6.05,13.30] ,
["Martavis Bryant",17,10,167,5,16.70,46.70] ,
["Eric Decker",64,40,426,4,10.65,66.60] ,
["Michael Floyd",48,23,389,2,16.91,50.90] ,
["Brandin Cooks",54,43,410,2,9.53,53.00] ,
["Torrey Smith",48,22,371,5,16.86,67.10] ,
["Anquan Boldin",62,45,540,2,12.00,66.00] ,
["Terrance Williams",46,27,426,6,15.78,78.60] ,
